0.25
1470
45
4.50
47
4.50
45
4.75
47
4.75
45
5.00
47
5.00
45
5.25
47
5.25
45
5.50
47
5.50
45
5.75
47
5.75
45
6.00
47
6.00
45
6.25
47
6.25
36
6.50
45
6.50
47
6.50
36
8.50
44
8.50
37
9.00
44
9.00
36
9.25
36
9.50
44
9.50
37
10.00
44
10.00
36
10.50
44
10.50
37
11.00
44
11.00
36
11.25
36
11.50
44
11.50
37
12.00
44
12.00
36
12.50
44
12.50
37
13.00
44
13.00
36
13.25
36
13.50
44
13.50
37
14.00
44
14.00
36
14.25
36
14.50
44
14.50
37
15.00
44
15.00
36
15.25
36
15.50
44
15.50
37
16.00
44
16.00
36
16.25
36
16.50
44
16.50
37
17.00
44
17.00
36
17.25
36
17.50
44
17.50
37
18.00
44
18.00
36
18.25
36
18.50
44
18.50
37
19.00
44
19.00
36
19.25
36
19.50
44
19.50
37
20.00
44
20.00
36
20.25
36
20.50
44
20.50
37
21.00
44
21.00
36
21.25
36
21.50
44
21.50
37
22.00
44
22.00
36
22.25
36
22.50
44
22.50
37
23.00
44
23.00
36
23.25
36
23.50
44
23.50
36
24.00
37
24.00
44
24.00
36
24.50
44
24.50
37
25.00
44
25.00
36
25.25
36
25.50
44
25.50
37
26.00
44
26.00
36
26.25
36
26.50
44
26.50
37
27.00
44
27.00
36
27.25
36
27.50
44
27.50
37
28.00
44
28.00
36
28.25
36
28.50
44
28.50
37
29.00
44
29.00
36
29.25
36
29.50
44
29.50
37
29.75
44
30.00
36
30.25
36
30.50
37
30.50
44
30.50
37
32.00
36
32.50
44
32.50
37
33.00
44
33.00
36
33.25
36
33.50
44
33.50
37
34.00
44
34.00
36
34.25
36
34.50
44
34.50
37
35.00
44
35.00
36
35.25
36
35.50
44
35.50
36
36.00
37
36.00
44
36.00
36
36.50
44
36.50
37
37.00
44
37.00
36
37.25
36
37.50
44
37.50
37
38.00
44
38.00
36
38.25
36
38.50
44
38.50
37
39.00
44
39.00
36
39.25
36
39.50
44
39.50
36
40.00
37
40.00
44
40.00
36
40.50
44
40.50
37
41.00
44
41.00
36
41.25
36
41.50
44
41.50
36
42.00
37
42.00
44
42.00
36
42.50
44
42.50
37
43.00
44
43.00
36
43.25
36
43.50
44
43.50
37
44.00
44
44.00
36
44.25
44
44.50
36
45.00
37
45.00
44
45.00
36
45.25
44
45.50
36
46.00
37
46.00
44
46.00
36
46.25
36
46.50
44
46.50
37
47.00
44
47.00
36
47.25
36
47.50
44
47.50
37
48.00
44
48.00
36
48.50
44
48.50
37
49.00
44
49.00
36
49.25
36
49.50
44
49.50
37
50.00
44
50.00
36
50.50
44
50.50
37
51.00
44
51.00
36
51.25
36
51.50
44
51.50
36
52.00
37
52.00
44
52.00
36
52.50
44
52.50
37
53.00
44
53.00
36
53.25
36
53.50
44
53.50
37
54.00
44
54.00
36
54.25
36
54.50
44
54.50
37
55.00
44
55.00
36
55.25
36
55.50
44
55.50
37
56.00
44
56.00
36
56.50
44
56.50
37
57.00
44
57.00
36
57.25
36
57.50
44
57.50
37
58.00
44
58.00
36
58.25
36
58.50
44
58.50
37
59.00
44
59.00
36
59.25
36
59.50
44
59.50
36
60.00
37
60.00
44
60.00
36
60.50
44
60.50
37
61.00
44
61.00
36
61.25
44
61.50
36
61.75
36
62.00
37
62.00
44
62.00
36
62.25
44
62.50
36
62.75
37
63.00
44
63.00
36
63.25
44
63.50
36
64.00
37
64.00
44
64.00
36
64.50
44
64.50
37
65.00
44
65.00
36
65.25
36
65.50
44
65.50
37
66.00
44
66.00
36
66.25
36
66.50
44
66.50
37
67.00
44
67.00
36
67.25
36
67.50
44
67.50
37
68.00
44
68.00
36
68.25
36
68.50
44
68.50
37
69.00
44
69.00
36
69.25
36
69.50
44
69.50
37
70.00
44
70.00
36
70.25
36
70.50
44
70.50
37
71.00
44
71.00
36
71.25
36
71.50
44
71.50
36
72.00
37
72.00
44
72.00
36
72.50
44
72.50
37
73.00
44
73.00
36
73.25
36
73.50
44
73.50
37
74.00
44
74.00
36
74.25
36
74.50
44
74.50
37
75.00
44
75.00
36
75.25
36
75.50
44
75.50
36
76.00
37
76.00
44
76.00
36
76.50
44
76.50
37
77.00
44
77.00
36
77.25
36
77.50
44
77.50
37
78.00
44
78.00
36
78.25
36
78.50
44
78.50
36
79.00
37
79.00
44
79.00
37
79.50
44
79.50
36
79.75
36
80.00
37
80.00
36
80.50
36
81.00
37
81.00
36
81.50
36
82.00
37
82.00
36
82.25
36
82.50
36
83.00
37
83.00
36
83.50
36
84.00
37
84.00
36
84.25
36
84.50
36
85.00
37
85.00
36
85.25
36
85.50
37
86.00
36
86.25
36
86.50
36
87.00
37
87.00
36
87.25
36
87.50
36
88.00
37
88.00
36
88.50
37
89.00
36
89.50
36
89.75
36
90.00
37
90.00
36
90.50
36
91.00
37
91.00
36
91.50
36
91.75
36
92.00
37
92.00
36
92.25
36
92.50
36
93.00
37
93.00
36
93.25
36
93.50
37
94.00
36
94.25
37
95.00
36
95.25
36
95.50
44
95.50
36
96.00
37
96.00
36
96.50
44
96.50
36
97.00
37
97.00
44
97.00
36
97.50
44
97.50
36
98.00
37
98.00
44
98.00
36
98.25
36
98.50
44
98.50
36
99.00
37
99.00
44
99.00
36
99.25
36
99.50
44
99.50
36
100.00
37
100.00
44
100.00
36
100.25
36
100.50
44
100.50
36
101.00
37
101.00
44
101.00
36
101.25
36
101.50
44
101.50
36
102.00
37
102.00
44
102.00
36
102.25
36
102.50
44
102.50
36
103.00
37
103.00
44
103.00
36
103.25
36
103.50
44
103.50
36
104.00
37
104.00
44
104.00
36
104.25
36
104.50
44
104.50
36
105.00
37
105.00
44
105.00
36
105.25
36
105.50
44
105.50
36
106.00
37
106.00
44
106.00
36
106.25
36
106.50
44
106.50
36
107.00
37
107.00
44
107.00
36
107.25
36
107.50
44
107.50
36
108.00
37
108.00
44
108.00
36
108.25
36
108.50
44
108.50
37
109.00
47
109.00
36
109.25
36
109.50
37
109.50
37
109.75
36
110.00
37
110.00
36
110.25
36
110.50
37
110.50
44
110.50
37
112.00
36
112.50
44
112.50
37
113.00
44
113.00
36
113.50
44
113.50
37
114.00
44
114.00
36
114.25
36
114.50
44
114.50
37
115.00
44
115.00
36
115.25
36
115.50
44
115.50
37
116.00
44
116.00
36
116.25
36
116.50
44
116.50
37
117.00
44
117.00
36
117.25
36
117.50
44
117.50
37
118.00
44
118.00
36
118.25
36
118.50
44
118.50
37
119.00
44
119.00
36
119.25
36
119.50
44
119.50
36
120.00
37
120.00
44
120.00
36
120.50
44
120.50
37
121.00
44
121.00
36
121.25
36
121.50
44
121.50
37
122.00
44
122.00
36
122.25
36
122.50
44
122.50
37
123.00
44
123.00
36
123.25
36
123.50
44
123.50
37
124.00
44
124.00
36
124.25
36
124.50
44
124.50
37
125.00
44
125.00
36
125.25
36
125.50
44
125.50
37
126.00
44
126.00
36
126.25
36
126.50
47
126.50
37
127.00
36
127.25
36
127.50
37
127.50
36
128.00
37
128.00
36
128.50
37
129.00
36
129.25
36
129.50
37
130.00
36
130.25
36
130.50
37
131.00
36
131.25
36
131.50
36
132.00
37
132.00
36
132.50
37
133.00
36
133.25
36
133.50
37
134.00
36
134.25
36
134.50
37
135.00
36
135.25
36
135.50
36
136.00
37
136.00
36
136.50
37
137.00
36
137.25
36
137.50
36
137.75
37
138.00
36
138.25
36
138.50
37
139.00
36
139.25
36
139.50
36
139.75
36
140.00
37
140.00
36
140.25
36
140.50
37
141.00
36
141.25
36
141.50
37
142.00
36
142.25
36
142.50
37
143.00
36
143.25
36
143.50
37
144.00
36
144.50
37
145.00
36
145.25
36
145.50
37
146.00
36
146.25
36
146.50
37
147.00
36
147.25
36
147.50
36
148.00
37
148.00
36
148.50
37
149.00
36
149.25
36
149.50
37
150.00
36
150.25
36
150.50
37
151.00
36
151.25
36
151.50
36
151.75
37
152.00
36
152.25
36
152.50
36
153.00
37
153.00
36
153.50
36
153.75
37
154.00
36
154.25
36
154.50
37
155.00
36
155.25
36
155.50
36
155.75
37
156.00
36
156.25
36
156.50
37
157.00
36
157.25
36
157.50
37
158.00
36
158.25
36
158.50
37
159.00
36
159.25
36
159.50
36
159.75
37
160.00
36
160.25
36
160.50
37
161.00
36
161.25
36
161.50
37
162.00
36
162.25
36
162.50
37
163.00
36
163.25
36
163.50
36
164.00
37
164.00
36
164.50
37
165.00
36
165.25
36
165.50
37
166.00
36
166.25
36
166.50
37
167.00
36
167.25
36
167.50
36
167.75
37
168.00
36
168.25
36
168.50
36
168.75
37
169.00
36
169.25
36
169.50
36
169.75
37
170.00
36
170.25
36
170.50
36
170.75
37
171.00
36
171.25
36
171.50
36
172.00
37
172.00
36
172.50
37
173.00
36
173.25
36
173.50
37
174.00
36
174.25
36
174.50