0.25
682
45
0.00
46
0.00
38
1.00
46
1.00
45
1.50
46
1.50
38
2.00
46
2.00
45
2.50
46
2.50
38
3.00
46
3.00
45
3.50
46
3.50
38
4.00
46
4.00
49
4.00
45
4.50
46
4.50
38
5.00
46
5.00
38
5.50
45
5.50
46
5.50
46
6.00
49
6.00
38
6.50
45
6.50
46
6.50
46
7.00
45
7.50
46
7.50
48
7.50
45
8.00
46
8.00
48
8.00
46
8.50
38
9.00
38
9.50
45
9.50
46
9.50
49
10.00
38
10.50
46
10.50
48
10.50
45
11.00
46
11.00
38
11.50
45
11.50
46
11.50
46
12.00
49
12.00
38
12.50
45
12.50
46
12.50
45
13.00
46
13.00
38
13.50
45
13.50
46
13.50
45
14.00
46
14.00
49
14.00
45
14.50
46
14.50
45
15.00
46
15.00
48
15.50
48
16.00
45
16.50
46
16.50
45
17.00
46
17.00
45
17.50
46
17.50
45
18.00
46
18.00
46
18.50
45
19.00
46
19.00
38
20.00
45
20.00
45
20.50
46
20.50
45
21.00
46
21.00
45
22.50
46
22.50
45
23.00
46
23.00
38
24.00
45
24.50
46
24.50
45
25.00
45
25.50
46
25.50
45
26.50
46
26.50
45
27.00
46
27.00
38
28.00
45
28.50
46
28.50
45
29.00
46
29.00
46
29.50
45
30.50
46
30.50
46
31.00
38
31.50
45
31.50
46
31.50
45
32.50
46
32.50
38
33.00
45
33.00
46
33.00
45
34.50
46
34.50
38
35.00
45
35.00
46
35.00
48
36.50
48
37.00
49
38.00
45
40.50
46
40.50
45
41.00
46
41.00
45
42.50
46
42.50
45
43.00
46
43.00
45
44.00
48
44.50
48
45.00
38
46.00
49
46.00
48
48.00
46
48.50
45
49.00
46
49.00
45
49.50
46
49.50
48
49.50
46
50.00
48
50.00
45
51.00
46
51.00
48
51.00
45
51.50
46
51.50
38
52.00
48
54.00
46
54.50
45
56.50
46
56.50
48
56.50
46
57.00
48
57.00
45
57.50
46
57.50
46
58.50
48
58.50
45
59.00
46
59.00
45
59.50
46
59.50
48
59.50
48
60.50
51
60.50
48
61.00
49
61.00
48
62.50
51
62.50
48
63.00
49
63.00
45
64.00
51
64.00
51
64.50
38
65.00
45
65.50
51
65.50
38
66.00
51
66.00
45
66.50
51
66.50
38
67.00
51
67.00
45
67.50
51
67.50
38
68.00
49
68.00
51
68.00
45
68.50
51
68.50
38
69.00
51
69.00
38
69.50
45
69.50
51
69.50
45
70.50
51
70.50
38
71.00
51
71.00
38
71.50
45
71.50
49
71.50
51
71.50
45
72.00
51
72.00
38
72.50
51
72.50
45
73.00
51
73.00
38
73.50
51
73.50
45
74.00
49
74.00
51
74.00
38
74.50
51
74.50
45
75.00
51
75.00
38
75.50
51
75.50
45
76.00
49
76.00
51
76.00
38
76.50
51
76.50
45
77.00
51
77.00
38
77.50
51
77.50
45
78.00
49
78.00
51
78.00
38
78.50
51
78.50
45
79.00
48
79.50
51
79.50
45
80.00
51
80.00
38
80.50
51
81.00
45
82.50
51
82.50
38
83.00
45
83.00
51
83.00
45
84.00
46
84.00
45
84.50
46
84.50
38
85.00
46
85.00
45
86.00
51
86.00
45
86.50
51
86.50
38
87.00
51
87.00
45
88.00
46
88.00
45
88.50
46
88.50
38
89.00
45
90.00
51
90.00
45
90.50
51
90.50
38
91.00
45
92.50
46
92.50
38
93.00
45
94.50
51
94.50
38
95.00
45
96.50
48
96.50
45
97.00
48
97.00
45
97.50
48
97.50
45
98.00
48
98.00
45
98.50
48
98.50
45
99.00
48
99.00
45
99.50
48
99.50
45
100.00
48
100.00
45
100.50
48
100.50
45
101.00
48
101.00
45
101.50
48
101.50
45
102.00
48
102.00
45
102.50
48
102.50
45
103.00
48
103.00
45
103.50
46
103.50
48
103.50
38
104.00
46
104.00
49
104.00
45
104.50
46
104.50
38
105.00
46
105.00
45
105.50
46
105.50
38
106.00
46
106.00
45
106.50
46
106.50
38
107.00
46
107.00
45
107.50
46
107.50
38
108.00
46
108.00
49
108.00
45
108.50
46
108.50
38
109.00
46
109.00
45
109.50
46
109.50
38
110.00
46
110.00
49
110.00
51
110.00