0.25
54
888
59
0.00
0.38
54
0.38
0.38
62
0.75
0.25
61
1.00
0.25
64
1.25
0.25
61
1.50
0.25
57
1.75
0.25
59
2.00
0.38
54
2.38
0.38
62
2.75
0.25
61
3.00
0.25
64
3.25
0.25
61
3.50
0.25
57
3.75
0.25
62
4.00
0.38
57
4.38
0.38
66
4.75
0.25
64
5.00
0.25
66
5.25
0.25
64
5.50
0.25
57
5.75
0.25
62
6.00
0.38
59
6.38
0.38
62
6.75
0.25
61
7.00
0.25
62
7.25
0.25
61
7.50
0.25
57
7.75
0.25
59
8.00
0.38
54
8.38
0.38
62
8.75
0.25
61
9.00
0.25
64
9.25
0.25
61
9.50
0.25
57
9.75
0.25
59
10.00
0.38
54
10.38
0.38
62
10.75
0.25
61
11.00
0.25
64
11.25
0.25
61
11.50
0.25
57
11.75
0.25
62
12.00
0.38
57
12.38
0.38
66
12.75
0.25
64
13.00
0.25
66
13.25
0.25
64
13.50
0.25
57
13.75
0.25
62
14.00
0.38
59
14.38
0.38
62
14.75
0.25
61
15.00
0.25
62
15.25
0.25
61
15.50
0.25
57
15.75
0.25
62
16.00
0.25
62
16.25
0.25
61
16.50
0.25
61
16.75
0.25
59
17.00
0.38
59
17.38
0.38
59
17.75
0.25
62
18.00
0.25
62
18.25
0.25
61
18.50
0.25
61
18.75
0.25
59
19.00
0.38
59
19.38
0.38
59
19.75
0.25
62
20.00
0.25
62
20.25
0.25
61
20.50
0.25
61
20.75
0.25
59
21.00
0.38
59
21.38
0.38
59
21.75
0.25
62
22.00
0.25
62
22.25
0.25
61
22.50
0.25
61
22.75
0.25
59
23.00
0.38
59
23.38
0.38
59
23.75
0.25
62
24.00
0.25
62
24.25
0.25
61
24.50
0.25
61
24.75
0.25
59
25.00
0.38
59
25.38
0.38
59
25.75
0.25
62
26.00
0.25
62
26.25
0.25
61
26.50
0.25
61
26.75
0.25
59
27.00
0.38
59
27.38
0.38
59
27.75
0.25
62
28.00
0.25
62
28.25
0.25
61
28.50
0.25
61
28.75
0.25
59
29.00
0.38
59
29.38
0.38
59
29.75
0.25
62
30.00
0.25
62
30.25
0.25
61
30.50
0.25
61
30.75
0.25
59
31.00
0.38
59
31.38
0.38
59
31.75
0.25
59
32.25
0.25
62
32.50
0.25
64
32.75
0.25
66
33.00
0.25
59
34.25
0.25
62
34.50
0.25
64
34.75
0.25
66
35.00
0.25
67
35.25
0.25
66
35.50
0.25
62
35.75
0.25
64
36.00
0.25
62
37.00
0.25
66
37.50
0.25
59
37.75
0.25
59
40.25
0.25
62
40.50
0.25
64
40.75
0.25
66
41.00
0.25
59
42.25
0.25
62
42.50
0.25
64
42.75
0.25
66
43.00
0.25
67
43.25
0.25
66
43.50
0.25
62
43.75
0.25
64
44.00
0.25
62
45.00
0.25
66
45.50
0.25
59
45.75
0.25
56
48.00
0.38
64
48.38
0.38
64
48.75
0.25
63
49.00
0.25
64
49.25
0.25
66
49.50
0.25
64
49.75
0.25
63
50.00
0.25
64
50.25
0.25
61
50.50
0.25
63
50.75
0.25
59
51.00
0.25
61
51.25
0.25
57
51.50
0.25
59
51.75
0.25
56
52.00
0.50
56
56.00
0.38
64
56.38
0.38
64
56.75
0.25
63
57.00
0.25
64
57.25
0.25
66
57.50
0.25
64
57.75
0.25
63
58.00
0.25
64
58.25
0.25
61
58.50
0.25
63
58.75
0.25
59
59.00
0.25
61
59.25
0.25
57
59.50
0.25
59
59.75
0.25
65
60.00
0.38
67
60.38
0.38
69
60.75
0.25
64
62.00
0.38
65
62.38
0.38
67
62.75
0.25
54
64.00
1.00
54
65.00
0.50
54
65.50
0.25
62
65.75
0.25
61
66.00
1.00
61
67.00
0.50
61
67.50
0.25
62
67.75
0.25
59
68.00
1.00
59
69.00
0.50
59
69.50
0.25
57
69.75
0.25
59
70.00
0.50
59
70.50
0.50
59
71.00
0.25
57
71.25
0.25
59
71.50
0.25
57
71.75
0.25
54
72.00
1.00
54
73.00
0.50
54
73.50
0.25
62
73.75
0.25
61
74.00
1.00
61
75.00
0.50
61
75.50
0.25
62
75.75
0.25
59
76.00
1.00
59
77.00
0.50
59
77.50
0.25
57
77.75
0.25
59
78.00
0.50
59
78.50
0.50
59
79.00
0.25
57
79.25
0.25
59
79.50
0.25
57
79.75
0.25
59
80.00
0.25
59
80.50
0.25
56
80.75
0.25
54
82.75
0.25
66
83.00
0.38
66
83.38
0.38
63
83.75
0.25
59
84.00
0.25
59
84.50
0.25
56
84.75
0.25
54
86.75
0.25
64
87.00
0.38
64
87.38
0.38
63
87.75
0.25
59
88.00
0.25
59
88.50
0.25
56
88.75
0.25
54
90.75
0.25
66
91.00
0.38
66
91.38
0.38
63
91.75
0.25
59
92.00
0.25
59
92.50
0.25
56
92.75
0.25
54
94.75
0.25
64
95.00
0.38
64
95.38
0.38
63
95.75
0.25
58
96.00
0.25
62
96.50
0.25
55
96.75
0.25
58
97.00
0.25
60
97.25
0.25
53
97.50
0.25
57
97.75
0.25
58
98.00
0.50
55
98.50
0.25
58
98.75
0.25
62
99.00
0.25
63
99.25
0.25
55
99.50
0.25
62
99.75
0.25
60
100.00
0.25
58
100.25
0.25
50
100.50
0.25
55
100.75
0.25
58
101.00
0.25
60
101.25
0.25
53
101.50
0.25
57
101.75
0.25
58
102.00
0.50
55
102.50
0.25
58
102.75
0.25
62
103.00
0.25
63
103.25
0.25
55
103.50
0.25
62
103.75
0.25
60
104.00
0.25
58
104.25
0.25
50
104.50
0.25
55
104.75
0.25
58
105.00
0.25
60
105.25
0.25
53
105.50
0.25
57
105.75
0.25
58
106.00
0.50
55
106.50
0.25
58
106.75
0.25
62
107.00
0.25
63
107.25
0.25
55
107.50
0.25
62
107.75
0.25
60
108.00
0.25
58
108.25
0.25
50
108.50
0.25
55
108.75
0.25
58
109.00
0.25
57
109.25
0.25
48
109.50
0.25
53
109.75
0.25
55
110.00
0.50
2
0.0
54