0.125
240
43
0.00
46
0.00
46
0.25
40
0.50
43
0.50
46
0.50
46
0.75
43
1.00
46
1.00
43
1.25
46
1.25
40
1.50
43
1.50
46
1.50
43
2.00
46
2.00
46
2.25
40
2.50
43
2.50
46
2.50
46
2.75
43
3.00
46
3.00
43
3.25
46
3.25
40
3.50
43
3.50
46
3.50
49
3.75
43
4.00
46
4.00
46
4.25
40
4.50
43
4.50
46
4.50
46
4.75
43
5.00
46
5.00
43
5.25
46
5.25
40
5.50
43
5.50
46
5.50
43
6.00
46
6.00
46
6.25
40
6.50
43
6.50
46
6.50
46
6.75
40
7.00
43
7.00
46
7.00
40
7.25
46
7.25
47
7.25
40
7.50
46
7.50
48
7.50
40
7.75
49
7.75
43
8.00
46
8.00
46
8.25
40
8.50
43
8.50
46
8.50
46
8.75
43
9.00
46
9.00
43
9.25
46
9.25
40
9.50
43
9.50
46
9.50
43
10.00
46
10.00
46
10.25
40
10.50
43
10.50
46
10.50
46
10.75
43
11.00
46
11.00
43
11.25
46
11.25
40
11.50
43
11.50
46
11.50
49
11.75
43
12.00
46
12.00
46
12.25
40
12.50
43
12.50
46
12.50
46
12.75
43
13.00
46
13.00
43
13.25
46
13.25
40
13.50
43
13.50
46
13.50
43
14.00
46
14.00
46
14.25
40
14.50
43
14.50
46
14.50
46
14.75
40
15.00
43
15.00
46
15.00
40
15.25
47
15.25
40
15.50
48
15.50
40
15.75
49
15.75